   -0.500000     0.000000    -0.000000    -0.000000
   -0.499000     0.000000    -0.000000    -0.000000
   -0.498000     0.000000    -0.000000    -0.000000
   -0.497000     0.000000    -0.000000    -0.000000
   -0.496000     0.000000    -0.000000    -0.000000
   -0.495000     0.000000    -0.000000    -0.000000
   -0.494000     0.000000    -0.000000    -0.000000
   -0.493000     0.000000    -0.000000    -0.000000
   -0.492000     0.000000    -0.000000    -0.000000
   -0.491000     0.000000    -0.000000    -0.000000
   -0.490000     0.000000    -0.000000    -0.000000
   -0.489000     0.000000    -0.000000    -0.000000
   -0.488000     0.000000    -0.000000    -0.000000
   -0.487000     0.000000    -0.000000    -0.000000
   -0.486000     0.000000    -0.000000    -0.000000
   -0.485000     0.000000    -0.000000    -0.000000
   -0.484000     0.000000    -0.000000    -0.000000
   -0.483000     0.000000    -0.000000    -0.000000
   -0.482000     0.000000    -0.000000    -0.000000
   -0.481000     0.000000    -0.000000    -0.000000
   -0.480000     0.000000    -0.000000    -0.000000
   -0.479000     0.000000    -0.000000    -0.000000
   -0.478000     0.000000    -0.000000    -0.000000
   -0.477000     0.000000    -0.000000    -0.000000
   -0.476000     0.000000    -0.000000    -0.000000
   -0.475000     0.000000    -0.000000    -0.000000
   -0.474000     0.000000    -0.000000    -0.000000
   -0.473000     0.000000    -0.000000    -0.000000
   -0.472000     0.000000    -0.000000    -0.000000
   -0.471000     0.000000    -0.000000    -0.000000
   -0.470000     0.000000    -0.000000    -0.000000
   -0.469000     0.000000    -0.000000    -0.000000
   -0.468000     0.000000    -0.000000    -0.000000
   -0.467000     0.000000    -0.000000    -0.000000
   -0.466000     0.000000    -0.000000    -0.000000
   -0.465000     0.000000    -0.000000    -0.000000
   -0.464000     0.000000    -0.000000    -0.000000
   -0.463000     0.000000    -0.000000    -0.000000
   -0.462000     0.000000    -0.000000    -0.000000
   -0.461000     0.000000    -0.000000    -0.000000
   -0.460000     0.000000    -0.000000    -0.000000
   -0.459000     0.000000    -0.000000    -0.000000
   -0.458000     0.000000    -0.000000    -0.000000
   -0.457000     0.000000    -0.000000    -0.000000
   -0.456000     0.000000    -0.000000    -0.000000
   -0.455000     0.000000    -0.000000    -0.000000
   -0.454000     0.000000    -0.000000    -0.000000
   -0.453000     0.000000    -0.000000    -0.000000
   -0.452000     0.000000    -0.000000    -0.000000
   -0.451000     0.000000    -0.000000    -0.000000
   -0.450000     0.000000    -0.000000    -0.000000
   -0.449000     0.000000    -0.000000    -0.000000
   -0.448000     0.000000    -0.000000    -0.000000
   -0.447000     0.000000    -0.000000    -0.000000
   -0.446000     0.000000    -0.000000    -0.000000
   -0.445000     0.000000    -0.000000    -0.000000
   -0.444000     0.000000    -0.000000    -0.000000
   -0.443000     0.000042    -0.000019    -0.007474
   -0.442000     0.000083    -0.000037    -0.014539
   -0.441000     0.000123    -0.000054    -0.021602
   -0.440000    -0.000701     0.000426    -0.027765
   -0.439000    -0.000639     0.000721    -0.037700
   -0.438000    -0.000319     0.000864    -0.044144
   -0.437000     0.000280     0.000202    -0.050108
   -0.436000    -0.000491     0.000344    -0.060534
   -0.435000     0.000102     0.000335    -0.066694
   -0.434000    -0.000417     0.000323    -0.073499
   -0.433000    -0.000364     0.000614    -0.081746
   -0.432000    -0.002009     0.001259    -0.090598
   -0.431000     0.000026     0.000105    -0.097241
   -0.430000    -0.000527     0.000758    -0.102640
   -0.429000    -0.000485     0.000741    -0.108493
   -0.428000    -0.000401     0.001038    -0.119301
   -0.427000    -0.000913     0.000698    -0.127249
   -0.426000    -0.000037     0.001479    -0.133672
   -0.425000    -0.000830     0.001005    -0.140235
   -0.424000    -0.000232     0.000678    -0.145553
   -0.423000    -0.000410     0.001400    -0.152717
   -0.422000    -0.001226     0.001268    -0.162799
   -0.421000    -0.000301     0.000773    -0.170936
   -0.420000    -0.000833     0.000770    -0.177528
   -0.419000    -0.000237     0.001075    -0.183572
   -0.418000    -0.000469     0.000924    -0.189599
   -0.417000    -0.001543     0.002180    -0.194822
   -0.416000    -0.000007     0.001302    -0.206560
   -0.415000    -0.001665     0.001631    -0.214386
   -0.414000    -0.001001     0.000980    -0.222083
   -0.413000    -0.000975     0.001302    -0.228574
   -0.412000    -0.001507     0.001635    -0.234087
   -0.411000     0.000524     0.001384    -0.239081
   -0.410000    -0.001885     0.001862    -0.244292
   -0.409000    -0.002113     0.001715    -0.255468
   -0.408000    -0.000907     0.001046    -0.264754
   -0.407000    -0.002223     0.001828    -0.271833
   -0.406000    -0.000533     0.000873    -0.276690
   -0.405000    -0.000997     0.001162    -0.283317
   -0.404000    -0.001267     0.001340    -0.288373
   -0.403000    -0.001185     0.001617    -0.294144
   -0.402000    -0.000748     0.001927    -0.303659
   -0.401000    -0.002030     0.002116    -0.312463
   -0.400000    -0.001761     0.001995    -0.320883
   -0.399000     0.000007     0.000705    -0.327667
   -0.398000    -0.001889     0.001812    -0.332125
   -0.397000    -0.001574     0.001659    -0.339262
   -0.396000    -0.000623     0.001411    -0.343868
   -0.395000    -0.000598     0.001144    -0.350646
   -0.394000    -0.002570     0.002812    -0.355346
   -0.393000    -0.000817     0.001597    -0.367704
   -0.392000    -0.001129     0.001455    -0.375885
   -0.391000    -0.002074     0.002345    -0.381494
   -0.390000    -0.001686     0.001525    -0.388474
   -0.389000    -0.000270     0.001049    -0.394501
   -0.388000    -0.001667     0.001858    -0.398903
   -0.387000    -0.000496     0.001227    -0.406144
   -0.386000     0.000172     0.000529    -0.409147
   -0.385000    -0.002787     0.002866    -0.417509
   -0.384000    -0.001277     0.001979    -0.426630
   -0.383000    -0.001111     0.001564    -0.436251
   -0.382000    -0.001577     0.002181    -0.442908
   -0.381000    -0.000213     0.001430    -0.449250
   -0.380000    -0.000646     0.001704    -0.455190
   -0.379000    -0.000500     0.000967    -0.459840
   -0.378000    -0.001296     0.001464    -0.465363
   -0.377000    -0.001152     0.001756    -0.469469
   -0.376000    -0.000615     0.000496    -0.474061
   -0.375000    -0.001833     0.002620    -0.482655
   -0.374000    -0.002269     0.002362    -0.494079
   -0.373000    -0.000524     0.001026    -0.500670
   -0.372000    -0.001377     0.001856    -0.507173
   -0.371000    -0.000609     0.001451    -0.514043
   -0.370000    -0.000460     0.001668    -0.518696
   -0.369000    -0.001428     0.001686    -0.523521
   -0.368000    -0.000220     0.000605    -0.528794
   -0.367000     0.000020     0.000546    -0.532140
   -0.366000    -0.001464     0.002047    -0.536892
   -0.365000    -0.002772     0.002502    -0.544026
   -0.364000    -0.000239     0.000953    -0.555613
   -0.363000    -0.001049     0.001408    -0.562461
   -0.362000    -0.002112     0.002070    -0.570342
   -0.361000    -0.000527     0.000579    -0.576458
   -0.360000    -0.000787     0.001920    -0.580770
   -0.359000     0.000106     0.001096    -0.586234
   -0.358000    -0.000335     0.001340    -0.590311
   -0.357000     0.000172     0.000170    -0.594482
   -0.356000    -0.000226     0.001326    -0.598309
   -0.355000    -0.000537     0.001227    -0.601932
   -0.354000    -0.002662     0.001975    -0.611229
   -0.353000     0.000079     0.000744    -0.621751
   -0.352000     0.000049     0.000860    -0.627721
   -0.351000    -0.001704     0.001711    -0.635233
   -0.350000    -0.000827     0.000683    -0.640616
   -0.349000     0.000306     0.000015    -0.645602
   -0.348000    -0.000131     0.000966    -0.648945
   -0.347000    -0.001216     0.000680    -0.653644
   -0.346000     0.000100     0.000736    -0.657887
   -0.345000     0.001463    -0.000051    -0.660124
   -0.344000    -0.001483     0.001736    -0.662545
   -0.343000    -0.001816     0.001282    -0.670056
   -0.342000     0.000532     0.000062    -0.681042
   -0.341000    -0.000492     0.000775    -0.689415
   -0.340000    -0.000792     0.001014    -0.694775
   -0.339000     0.000086     0.000067    -0.700531
   -0.338000     0.000542    -0.000226    -0.705488
   -0.337000    -0.000129     0.000520    -0.708553
   -0.336000    -0.000556     0.001314    -0.711412
   -0.335000     0.000050     0.000122    -0.714581
   -0.334000     0.001228    -0.001113    -0.718456
   -0.333000    -0.000316     0.000051    -0.720978
   -0.332000    -0.000089     0.000799    -0.723306
   -0.331000    -0.000521     0.000828    -0.733096
   -0.330000     0.001048    -0.000031    -0.740614
   -0.329000    -0.000679     0.000720    -0.747949
   -0.328000    -0.000284     0.001015    -0.752759
   -0.327000    -0.000094     0.000320    -0.757091
   -0.326000     0.001082    -0.000367    -0.761550
   -0.325000    -0.000692     0.000435    -0.762681
   -0.324000    -0.000427     0.000276    -0.766129
   -0.323000     0.001353    -0.000517    -0.768295
   -0.322000     0.001641    -0.000464    -0.770458
   -0.321000    -0.000795     0.000714    -0.770995
   -0.320000    -0.000040    -0.000273    -0.773002
   -0.319000     0.000419     0.000399    -0.780186
   -0.318000     0.000830    -0.000015    -0.790929
   -0.317000    -0.001087     0.000673    -0.795325
   -0.316000     0.000060    -0.000207    -0.799657
   -0.315000     0.002765    -0.001962    -0.803787
   -0.314000     0.000517     0.000380    -0.803975
   -0.313000     0.000673    -0.000041    -0.807906
   -0.312000     0.000647    -0.000692    -0.808921
   -0.311000     0.002160    -0.001202    -0.809190
   -0.310000     0.000121     0.000284    -0.807117
   -0.309000     0.001064     0.000202    -0.811133
   -0.308000     0.001345    -0.001343    -0.808702
   -0.307000     0.000015     0.000019    -0.812211
   -0.306000    -0.000391     0.000479    -0.821686
   -0.305000     0.000775    -0.000238    -0.824438
   -0.304000    -0.000395    -0.000220    -0.834329
   -0.303000    -0.003522     0.002138    -0.865233
   -0.302000    -0.006752     0.003912    -0.951622
   -0.301000    -0.008544     0.005249    -1.101772
   -0.300000    -0.012057     0.006382    -1.218386
   -0.299000    -0.015064     0.008883    -1.421298
   -0.298000    -0.018572     0.010658    -1.736251
   -0.297000    -0.020122     0.011198    -1.861945
   -0.296000    -0.025585     0.014537    -2.510429
   -0.295000    -0.027486     0.016179    -2.776136
   -0.294000    -0.033307     0.019255    -3.274062
   -0.293000    -0.035828     0.020786    -4.117578
   -0.292000    -0.041131     0.023715    -4.513634
   -0.291000    -0.041365     0.024051    -5.417402
   -0.290000    -0.046801     0.026839    -6.452554
   -0.289000    -0.051533     0.030037    -6.921393
   -0.288000    -0.053617     0.030009    -7.082079
   -0.287000    -0.057199     0.033136   -10.104282
   -0.286000    -0.059243     0.033919   -10.508027
   -0.285000    -0.065242     0.037756   -10.807434
   -0.284000    -0.067097     0.038191   -15.443441
   -0.283000    -0.069485     0.040368   -15.778039
   -0.282000    -0.070195     0.040288   -16.106752
   -0.281000    -0.072140     0.042473   -16.822696
   -0.280000    -0.070609     0.040794   -22.975599
   -0.279000    -0.071123     0.040688   -23.050858
   -0.278000    -0.074016     0.042257   -23.002674
   -0.277000    -0.068590     0.039239   -26.134615
   -0.276000    -0.068924     0.039399   -31.684211
   -0.275000    -0.068298     0.039187   -31.140045
   -0.274000    -0.068785     0.039947   -31.585874
   -0.273000    -0.067426     0.038638   -31.809362
   -0.272000    -0.065617     0.037565   -41.215863
   -0.271000    -0.066465     0.037616   -39.131077
   -0.270000    -0.066453     0.038236   -39.480459
   -0.269000    -0.063120     0.036871   -41.064305
   -0.268000    -0.065215     0.037711   -44.636295
   -0.267000    -0.064236     0.036189   -48.128362
   -0.266000    -0.066680     0.038595   -46.152913
   -0.265000    -0.067107     0.040368   -45.655126
   -0.264000    -0.067179     0.038424   -51.103922
   -0.263000    -0.074168     0.043325   -47.490521
   -0.262000    -0.071537     0.041147   -49.323227
   -0.261000    -0.072479     0.042409   -45.063971
   -0.260000    -0.071690     0.041543   -51.245410
   -0.259000    -0.069535     0.039823   -51.904375
   -0.258000    -0.066688     0.038793   -44.498052
   -0.257000    -0.057682     0.033475   -47.511672
   -0.256000    -0.057164     0.032810   -44.908542
   -0.255000    -0.044979     0.026828   -43.621012
   -0.254000    -0.036963     0.022457   -42.844879
   -0.253000    -0.038346     0.023632   -38.223790
   -0.252000    -0.032505     0.018954   -41.845596
   -0.251000    -0.028766     0.017616   -39.512166
   -0.250000    -0.025955     0.014893   -32.753950
   -0.249000    -0.023517     0.014726   -32.779628
   -0.248000    -0.021626     0.015066   -32.371521
   -0.247000    -0.021593     0.011327   -31.060111
   -0.246000    -0.019933     0.012600   -26.366421
   -0.245000    -0.014882     0.008140   -25.930908
   -0.244000    -0.015969     0.010580   -24.596123
   -0.243000    -0.014363     0.009383   -26.005085
   -0.242000    -0.013263     0.005833   -21.836358
   -0.241000    -0.011800     0.005777   -19.403091
   -0.240000    -0.011580     0.007314   -16.519433
   -0.239000    -0.008527     0.006160   -18.728810
   -0.238000    -0.005641     0.003907   -18.276288
   -0.237000    -0.009654     0.007317   -12.052688
   -0.236000    -0.006993     0.005806   -12.166365
   -0.235000    -0.002941     0.004301   -11.673003
   -0.234000    -0.003804     0.003005   -10.636593
   -0.233000    -0.001691     0.001771   -10.129867
   -0.232000    -0.003824     0.003476    -7.489570
   -0.231000    -0.001780     0.001930    -6.988843
   -0.230000    -0.002986     0.002505    -4.884044
   -0.229000     0.000243     0.000644    -4.455299
   -0.228000    -0.001663     0.002144    -4.011251
   -0.227000     0.004026    -0.002598    -3.311676
   -0.226000     0.000944     0.000039    -0.127284
   -0.225000    -0.002882    -0.000104     0.240121
   -0.224000     0.001210     0.001019     0.705366
   -0.223000     0.002311    -0.000787     1.829242
   -0.222000     0.003906    -0.001387     3.501005
   -0.221000     0.006084    -0.003078     4.603120
   -0.220000     0.006037    -0.002369     5.683343
   -0.219000     0.006548    -0.002776     6.351021
   -0.218000     0.003418    -0.001267     7.390010
   -0.217000     0.005435    -0.000851     7.857189
   -0.216000     0.003400    -0.004260    10.190931
   -0.215000     0.006987    -0.003077    10.503174
   -0.214000     0.010957    -0.005325    11.536875
   -0.213000     0.009349    -0.003558    11.576834
   -0.212000     0.010104    -0.004073    13.782193
   -0.211000     0.005926    -0.003305    14.631523
   -0.210000     0.008181    -0.002687    15.359592
   -0.209000     0.007110    -0.003386    16.646978
   -0.208000     0.008233    -0.005533    17.144318
   -0.207000     0.014690    -0.006762    17.663760
   -0.206000     0.013983    -0.007166    19.715839
   -0.205000     0.013984    -0.007132    20.441888
   -0.204000     0.010563    -0.003579    20.923065
   -0.203000     0.011005    -0.004646    21.669147
   -0.202000     0.011127    -0.006044    24.276032
   -0.201000     0.012116    -0.006582    24.497384
   -0.200000     0.012398    -0.006139    24.967725
   -0.199000     0.016623    -0.009133    26.755381
   -0.198000     0.017310    -0.009309    26.652969
   -0.197000     0.013409    -0.006450    27.919483
   -0.196000     0.013016    -0.005969    30.259214
   -0.195000     0.013491    -0.005273    30.441998
   -0.194000     0.012838    -0.007171    30.944676
   -0.193000     0.013399    -0.006972    31.321304
   -0.192000     0.015631    -0.008166    34.803868
   -0.191000     0.020345    -0.011170    35.623820
   -0.190000     0.017902    -0.010413    34.398921
   -0.189000     0.017522    -0.009222    36.871342
   -0.188000     0.016293    -0.011302    37.827104
   -0.187000     0.017604    -0.008492    38.259766
   -0.186000     0.012860    -0.006816    42.105339
   -0.185000     0.013098    -0.009118    42.146563
   -0.184000     0.017156    -0.009461    40.815260
   -0.183000     0.019836    -0.011500    41.654021
   -0.182000     0.021851    -0.012788    45.742938
   -0.181000     0.019014    -0.009779    45.864121
   -0.180000     0.019231    -0.010652    46.991055
   -0.179000     0.017668    -0.009674    48.087227
   -0.178000     0.016742    -0.008781    50.441155
   -0.177000     0.016627    -0.009659    49.169028
   -0.176000     0.017434    -0.009871    52.760467
   -0.175000     0.018076    -0.009986    53.184774
   -0.174000     0.024678    -0.014292    50.329434
   -0.173000     0.026988    -0.012178    53.181700
   -0.172000     0.021488    -0.012533    56.715554
   -0.171000     0.022820    -0.009262    57.783621
   -0.170000     0.022886    -0.010887    59.044657
   -0.169000     0.017328    -0.009374    59.092301
   -0.168000     0.016076    -0.010059    59.616061
   -0.167000     0.017606    -0.010153    64.462904
   -0.166000     0.022710    -0.012696    62.987191
   -0.165000     0.025580    -0.014743    63.489192
   -0.164000     0.026946    -0.015362    59.540312
   -0.163000     0.025307    -0.014978    64.496759
   -0.162000     0.026215    -0.011529    67.158716
   -0.161000     0.021854    -0.012468    70.910082
   -0.160000     0.021716    -0.011566    67.592664
   -0.159000     0.019568    -0.011604    68.642520
   -0.158000     0.021529    -0.013258    67.500444
   -0.157000     0.023397    -0.013952    72.144694
   -0.156000     0.028288    -0.016452    71.649137
   -0.155000     0.028486    -0.016714    71.948242
   -0.154000     0.027215    -0.015173    76.959135
   -0.153000     0.026117    -0.014302    75.267521
   -0.152000     0.025949    -0.015033    76.963828
   -0.151000     0.023990    -0.013454    77.505286
   -0.150000     0.019976    -0.011719    78.720678
   -0.149000     0.024043    -0.013271    78.561464
   -0.148000     0.026495    -0.015299    78.017022
   -0.147000     0.033328    -0.019311    78.106378
   -0.146000     0.029632    -0.017666    83.031781
   -0.145000     0.031641    -0.017680    84.871155
   -0.144000     0.031602    -0.018257    85.408128
   -0.143000     0.029294    -0.017628    79.937660
   -0.142000     0.030302    -0.017842    80.122456
   -0.141000     0.027862    -0.014696    84.869118
   -0.140000     0.024713    -0.014497    84.570025
   -0.139000     0.026412    -0.015963    82.313852
   -0.138000     0.031840    -0.017778    86.271218
   -0.137000     0.035045    -0.020486    89.232782
   -0.136000     0.036293    -0.021113    87.810072
   -0.135000     0.034301    -0.020431    89.114567
   -0.134000     0.033968    -0.020491    88.179158
   -0.133000     0.033935    -0.019468    90.163262
   -0.132000     0.033087    -0.018045    85.783057
   -0.131000     0.029342    -0.018538    86.795075
   -0.130000     0.031998    -0.018360    90.961397
   -0.129000     0.033260    -0.019742    91.867977
   -0.128000     0.042358    -0.024183    92.470329
   -0.127000     0.041103    -0.024401    91.931272
   -0.126000     0.040552    -0.023752    92.484093
   -0.125000     0.041349    -0.023765    91.983335
   -0.124000     0.038267    -0.020879    90.816498
   -0.123000     0.039148    -0.022214    94.516582
   -0.122000     0.030933    -0.019287    97.806475
   -0.121000     0.036994    -0.022099    93.641276
   -0.120000     0.038193    -0.022728    94.199403
   -0.119000     0.045696    -0.026860    96.547819
   -0.118000     0.046588    -0.027361    99.143803
   -0.117000     0.043931    -0.027001    98.735780
   -0.116000     0.046212    -0.027649    97.365292
   -0.115000     0.046837    -0.027882    96.413569
   -0.114000     0.044476    -0.027115    97.736911
   -0.113000     0.041364    -0.024722   102.096684
   -0.112000     0.040645    -0.024499   100.478942
   -0.111000     0.042745    -0.024930   100.291101
   -0.110000     0.046424    -0.027655    99.271090
   -0.109000     0.052156    -0.030168   102.365331
   -0.108000     0.051282    -0.030426   101.821593
   -0.107000     0.050894    -0.030151   103.792743
   -0.106000     0.050250    -0.029887   103.243632
   -0.105000     0.051760    -0.030699   100.857300
   -0.104000     0.050023    -0.029281   103.016694
   -0.103000     0.047929    -0.028427   106.528746
   -0.102000     0.048215    -0.028751   107.376720
   -0.101000     0.051012    -0.030302   105.228686
   -0.100000     0.056356    -0.032865   108.586747
   -0.099000     0.056920    -0.033703   107.019343
   -0.098000     0.055984    -0.032681   108.054168
   -0.097000     0.054258    -0.032132   107.920518
   -0.096000     0.057257    -0.033905   108.182563
   -0.095000     0.053585    -0.031662   109.567447
   -0.094000     0.053980    -0.032047   110.075597
   -0.093000     0.056517    -0.033347   110.998149
   -0.092000     0.055355    -0.033239   110.041735
   -0.091000     0.059240    -0.035697   112.330477
   -0.090000     0.062165    -0.036896   110.577075
   -0.089000     0.059642    -0.034996   109.652242
   -0.088000     0.059019    -0.034862   114.085434
   -0.087000     0.061252    -0.036079   109.958596
   -0.086000     0.061318    -0.035978   111.504739
   -0.085000     0.062644    -0.036784   111.548870
   -0.084000     0.063773    -0.037299   116.326348
   -0.083000     0.061299    -0.035004   115.483232
   -0.082000     0.065175    -0.038489   114.436215
   -0.081000     0.062415    -0.036670   111.998030
   -0.080000     0.063229    -0.036600   112.181020
   -0.079000     0.061297    -0.037057   116.913295
   -0.078000     0.058905    -0.034763   113.625758
   -0.077000     0.065595    -0.038371   115.402468
   -0.076000     0.068127    -0.039764   113.294938
   -0.075000     0.070582    -0.041315   116.966295
   -0.074000     0.069794    -0.040808   115.898973
   -0.073000     0.066737    -0.039055   114.668085
   -0.072000     0.064761    -0.037814   111.978639
   -0.071000     0.064050    -0.037147   116.259435
   -0.070000     0.061021    -0.035873   112.893271
   -0.069000     0.058608    -0.034080   116.471581
   -0.068000     0.069334    -0.041560   111.399548
   -0.067000     0.075892    -0.044000   114.446045
   -0.066000     0.080648    -0.046034   112.942972
   -0.065000     0.071720    -0.041611   111.356000
   -0.064000     0.065344    -0.038088   107.401787
   -0.063000     0.065312    -0.038640   109.488552
   -0.062000     0.063014    -0.036600   107.759091
   -0.061000     0.060579    -0.035108   111.115178
   -0.060000     0.064474    -0.037501   109.389609
   -0.059000     0.073628    -0.042707   108.616662
   -0.058000     0.080176    -0.045939   105.672418
   -0.057000     0.082641    -0.049010   106.320719
   -0.056000     0.077407    -0.045049   103.053654
   -0.055000     0.068265    -0.040114   101.503259
   -0.054000     0.065154    -0.037480   103.142648
   -0.053000     0.061416    -0.035653   101.950903
   -0.052000     0.063302    -0.036310   101.181953
   -0.051000     0.071271    -0.040699    99.832112
   -0.050000     0.077829    -0.044240    99.843288
   -0.049000     0.081335    -0.046633    95.906214
   -0.048000     0.081704    -0.047708    95.601014
   -0.047000     0.073014    -0.042158    92.208166
   -0.046000     0.071712    -0.040970    91.749106
   -0.045000     0.065794    -0.037330    91.509143
   -0.044000     0.062724    -0.035827    88.909634
   -0.043000     0.064575    -0.036744    91.441043
   -0.042000     0.072697    -0.041724    89.236283
   -0.041000     0.076659    -0.044818    87.666201
   -0.040000     0.080165    -0.046020    83.055663
   -0.039000     0.081255    -0.046307    84.598443
   -0.038000     0.072279    -0.041891    80.164676
   -0.037000     0.070697    -0.041070    80.782833
   -0.036000     0.069378    -0.038876    78.593420
   -0.035000     0.068816    -0.038688    77.413931
   -0.034000     0.068014    -0.038521    78.780407
   -0.033000     0.072330    -0.041044    74.540048
   -0.032000     0.074512    -0.042828    74.406260
   -0.031000     0.076497    -0.043621    71.095795
   -0.030000     0.077804    -0.044814    71.294395
   -0.029000     0.072364    -0.041556    68.063434
   -0.028000     0.071626    -0.040473    67.583118
   -0.027000     0.072799    -0.041074    67.201519
   -0.026000     0.071755    -0.040767    64.860816
   -0.025000     0.071732    -0.040222    64.108771
   -0.024000     0.071055    -0.039856    63.576545
   -0.023000     0.074789    -0.041906    60.722975
   -0.022000     0.073959    -0.041721    60.980931
   -0.021000     0.075708    -0.042936    57.768589
   -0.020000     0.071865    -0.040522    55.390610
   -0.019000     0.072230    -0.040064    53.657088
   -0.018000     0.073934    -0.041352    54.053647
   -0.017000     0.072300    -0.040426    50.876096
   -0.016000     0.071691    -0.040198    51.283419
   -0.015000     0.071562    -0.039300    50.521731
   -0.014000     0.072998    -0.040729    47.424709
   -0.013000     0.073813    -0.041202    47.112087
   -0.012000     0.075788    -0.042574    44.990877
   -0.011000     0.072920    -0.040826    42.858216
   -0.010000     0.072466    -0.040386    41.317327
   -0.009000     0.073354    -0.040395    40.951697
   -0.008000     0.074465    -0.040597    39.559533
   -0.007000     0.073083    -0.040281    38.118273
   -0.006000     0.071388    -0.039626    38.164391
   -0.005000     0.074521    -0.041555    35.053272
   -0.004000     0.074744    -0.041801    34.798909
   -0.003000     0.073279    -0.041333    34.305451
   -0.002000     0.071486    -0.040810    30.688344
   -0.001000     0.071082    -0.039578    28.810998
    0.000000     0.071411    -0.039629    28.746873
    0.001000     0.071983    -0.039702    28.468291
    0.002000     0.073627    -0.039880    26.421606
    0.003000     0.074033    -0.041046    26.117841
    0.004000     0.074604    -0.041578    25.249846
    0.005000     0.077150    -0.042006    23.219735
    0.006000     0.076249    -0.041810    22.563055
    0.007000     0.074387    -0.041594    19.620594
    0.008000     0.072093    -0.041072    18.578687
    0.009000     0.070697    -0.038955    17.261906
    0.010000     0.070900    -0.038851    16.792812
    0.011000     0.070682    -0.038740    16.579085
    0.012000     0.071535    -0.038434    15.066059
    0.013000     0.073713    -0.040561    14.614839
    0.014000     0.076083    -0.042276    13.045145
    0.015000     0.078239    -0.042760    11.592980
    0.016000     0.076903    -0.043130    10.458634
    0.017000     0.074770    -0.041348     8.343900
    0.018000     0.073268    -0.041716     6.749128
    0.019000     0.072430    -0.038954     6.205440
    0.020000     0.071913    -0.039223     5.821181
    0.021000     0.071273    -0.038946     4.462401
    0.022000     0.072409    -0.039006     4.094560
    0.023000     0.076399    -0.041533     2.658609
    0.024000     0.077666    -0.042068     1.292180
    0.025000     0.076519    -0.042221     0.468516
    0.026000     0.074675    -0.041111    -0.900105
    0.027000     0.074572    -0.040625    -2.616074
    0.028000     0.073577    -0.041480    -3.604379
    0.029000     0.074444    -0.040634    -4.069209
    0.030000     0.073905    -0.040321    -4.811800
    0.031000     0.074505    -0.040734    -5.786058
    0.032000     0.075616    -0.040116    -6.117738
    0.033000     0.077585    -0.041684    -7.526170
    0.034000     0.078975    -0.043383    -8.895351
    0.035000     0.075482    -0.041017   -10.655051
    0.036000     0.075394    -0.041218   -11.738756
    0.037000     0.074508    -0.040427   -12.895209
    0.038000     0.073668    -0.040579   -13.285881
    0.039000     0.074018    -0.042688   -14.410427
    0.040000     0.074397    -0.040870   -15.365177
    0.041000     0.074465    -0.040533   -15.695174
    0.042000     0.076505    -0.041756   -16.728135
    0.043000     0.079954    -0.043315   -17.751809
    0.044000     0.079237    -0.042780   -19.687532
    0.045000     0.079670    -0.043790   -20.166549
    0.046000     0.077624    -0.041514   -21.671238
    0.047000     0.076043    -0.041717   -22.220363
    0.048000     0.076726    -0.042304   -23.237682
    0.049000     0.077471    -0.042260   -23.865556
    0.050000     0.073565    -0.041172   -24.795848
    0.051000     0.072641    -0.039888   -25.309335
    0.052000     0.076041    -0.040890   -26.348686
    0.053000     0.078087    -0.041878   -28.275318
    0.054000     0.078139    -0.042533   -29.246794
    0.055000     0.078843    -0.043412   -29.767539
    0.056000     0.080175    -0.043205   -30.762886
    0.057000     0.081019    -0.045160   -31.414485
    0.058000     0.084141    -0.046530   -32.471577
    0.059000     0.082331    -0.043948   -33.216766
    0.060000     0.078665    -0.043100   -33.800609
    0.061000     0.075283    -0.041290   -35.070489
    0.062000     0.075134    -0.040740   -36.578241
    0.063000     0.074921    -0.040363   -37.623978
    0.064000     0.074723    -0.040728   -38.444579
    0.065000     0.078301    -0.042777   -39.340510
    0.066000     0.079212    -0.043597   -39.772976
    0.067000     0.081923    -0.045208   -40.997200
    0.068000     0.085900    -0.047489   -41.935852
    0.069000     0.085738    -0.047206   -42.282149
    0.070000     0.084030    -0.048426   -42.798844
    0.071000     0.083797    -0.043585   -43.946229
    0.072000     0.079117    -0.042112   -45.698203
    0.073000     0.074433    -0.040994   -47.170558
    0.074000     0.075237    -0.040874   -47.619728
    0.075000     0.076827    -0.041374   -48.361034
    0.076000     0.076199    -0.042132   -48.722683
    0.077000     0.080736    -0.044773   -50.275876
    0.078000     0.085986    -0.047533   -51.240512
    0.079000     0.086722    -0.048572   -51.431203
    0.080000     0.086191    -0.047513   -52.402412
    0.081000     0.086321    -0.047913   -53.519030
    0.082000     0.085083    -0.047412   -54.613136
    0.083000     0.082230    -0.045334   -56.068396
    0.084000     0.078150    -0.042316   -57.256574
    0.085000     0.077117    -0.042850   -57.544194
    0.086000     0.079620    -0.044626   -58.969406
    0.087000     0.082429    -0.046261   -59.800998
    0.088000     0.085129    -0.047679   -60.364530
    0.089000     0.086090    -0.047468   -60.561716
    0.090000     0.087023    -0.048820   -61.566778
    0.091000     0.088011    -0.048877   -62.692144
    0.092000     0.085813    -0.048487   -63.912651
    0.093000     0.082398    -0.045633   -64.994741
    0.094000     0.084710    -0.046594   -65.889916
    0.095000     0.084212    -0.045397   -66.432101
    0.096000     0.082798    -0.044976   -68.399310
    0.097000     0.086020    -0.048548   -68.790619
    0.098000     0.088198    -0.049255   -69.739584
    0.099000     0.086523    -0.049273   -69.702276
    0.100000     0.084714    -0.047167   -70.586222
    0.101000     0.089816    -0.049928   -71.892235
    0.102000     0.087809    -0.048562   -72.640934
    0.103000     0.082405    -0.046269   -74.359638
    0.104000     0.084183    -0.047294   -75.420496
    0.105000     0.085776    -0.046366   -75.812545
    0.106000     0.088260    -0.049363   -77.215745
    0.107000     0.094761    -0.052450   -78.294361
    0.108000     0.094403    -0.052920   -78.875056
    0.109000     0.090790    -0.051472   -79.715125
    0.110000     0.090784    -0.051308   -81.007917
    0.111000     0.087190    -0.048386   -81.907801
    0.112000     0.084983    -0.047845   -81.994206
    0.113000     0.083118    -0.046904   -84.821723
    0.114000     0.083664    -0.046489   -85.247138
    0.115000     0.088264    -0.050543   -86.426298
    0.116000     0.092271    -0.052161   -87.001677
    0.117000     0.100913    -0.056476   -87.810334
    0.118000     0.102032    -0.056937   -87.718129
    0.119000     0.098124    -0.054603   -89.425177
    0.120000     0.095409    -0.054565   -90.408537
    0.121000     0.088145    -0.050093   -91.298143
    0.122000     0.080444    -0.047525   -92.428982
    0.123000     0.079064    -0.045474   -94.931952
    0.124000     0.084901    -0.047840   -94.149943
    0.125000     0.090560    -0.051933   -96.201784
    0.126000     0.095457    -0.054075   -96.466992
    0.127000     0.108082    -0.062324   -97.594107
    0.128000     0.105701    -0.059865   -98.578657
    0.129000     0.103725    -0.059577   -99.750858
    0.130000     0.098386    -0.055200   -99.633357
    0.131000     0.090616    -0.050316  -101.085907
    0.132000     0.082956    -0.050186  -103.810093
    0.133000     0.080113    -0.045876  -104.288667
    0.134000     0.089012    -0.050607  -105.864082
    0.135000     0.094317    -0.052359  -106.277853
    0.136000     0.103608    -0.059122  -106.445288
    0.137000     0.111410    -0.062747  -107.052213
    0.138000     0.105888    -0.061708  -108.391590
    0.139000     0.105007    -0.059041  -108.793253
    0.140000     0.096345    -0.055115  -110.722886
    0.141000     0.090815    -0.051201  -111.647238
    0.142000     0.084693    -0.049832  -114.176501
    0.143000     0.087769    -0.050342  -114.338402
    0.144000     0.088914    -0.048315  -115.387385
    0.145000     0.099102    -0.055853  -115.627362
    0.146000     0.109812    -0.061779  -116.446344
    0.147000     0.110897    -0.063114  -118.238130
    0.148000     0.107734    -0.061332  -118.487020
    0.149000     0.102317    -0.058032  -119.743783
    0.150000     0.099545    -0.058594  -119.764159
    0.151000     0.092240    -0.053862  -123.523640
    0.152000     0.092042    -0.053529  -123.537676
    0.153000     0.091366    -0.052971  -124.858462
    0.154000     0.091055    -0.052119  -124.175051
    0.155000     0.109504    -0.061551  -125.616328
    0.156000     0.112984    -0.064771  -127.722038
    0.157000     0.110864    -0.064910  -127.453140
    0.158000     0.106942    -0.061519  -128.644723
    0.159000     0.108164    -0.063509  -129.227104
    0.160000     0.101563    -0.063900  -131.540601
    0.161000     0.096513    -0.054425  -133.946806
    0.162000     0.092944    -0.053035  -133.874108
    0.163000     0.096734    -0.054655  -133.092594
    0.164000     0.101841    -0.058563  -133.683139
    0.165000     0.116381    -0.066283  -137.683647
    0.166000     0.112461    -0.066658  -135.905540
    0.167000     0.111157    -0.066404  -136.875030
    0.168000     0.114207    -0.067636  -138.265786
    0.169000     0.104321    -0.063519  -139.999401
    0.170000     0.100852    -0.057721  -142.053099
    0.171000     0.096101    -0.051420  -142.303172
    0.172000     0.097116    -0.055321  -141.591384
    0.173000     0.101970    -0.058720  -143.329927
    0.174000     0.119129    -0.068414  -145.182311
    0.175000     0.117880    -0.072592  -144.528999
    0.176000     0.117153    -0.068615  -144.635090
    0.177000     0.113398    -0.067322  -146.261240
    0.178000     0.105617    -0.068199  -149.176904
    0.179000     0.103980    -0.058644  -149.430930
    0.180000     0.102431    -0.057566  -149.031698
    0.181000     0.102422    -0.057681  -150.559744
    0.182000     0.120098    -0.068735  -151.765651
    0.183000     0.120810    -0.071444  -151.552751
    0.184000     0.122785    -0.070786  -151.722040
    0.185000     0.115227    -0.066275  -151.989841
    0.186000     0.110533    -0.068641  -154.757424
    0.187000     0.106569    -0.059951  -156.006058
    0.188000     0.109080    -0.061727  -155.636465
    0.189000     0.106820    -0.063015  -156.802092
    0.190000     0.118966    -0.068654  -155.950264
    0.191000     0.123519    -0.070725  -158.026596
    0.192000     0.120310    -0.072384  -157.279584
    0.193000     0.120557    -0.072545  -158.113201
    0.194000     0.113322    -0.071940  -158.264374
    0.195000     0.109332    -0.061875  -160.109937
    0.196000     0.116833    -0.065943  -161.332075
    0.197000     0.124047    -0.070287  -162.341614
    0.198000     0.125709    -0.072778  -161.165457
    0.199000     0.125911    -0.075933  -159.821604
    0.200000     0.125420    -0.070647  -162.263556
    0.201000     0.120437    -0.072508  -161.919916
    0.202000     0.113637    -0.063279  -163.230631
    0.203000     0.123088    -0.069339  -163.851765
    0.204000     0.126957    -0.072768  -163.406237
    0.205000     0.139054    -0.079174  -163.822336
    0.206000     0.137354    -0.083095  -165.189684
    0.207000     0.137228    -0.079971  -163.872615
    0.208000     0.126775    -0.078249  -164.143581
    0.209000     0.125762    -0.071860  -164.258291
    0.210000     0.131010    -0.075994  -164.392300
    0.211000     0.137151    -0.081853  -164.902196
    0.212000     0.142720    -0.082542  -163.985498
    0.213000     0.142126    -0.087248  -163.834134
    0.214000     0.146285    -0.090125  -164.304189
    0.215000     0.149953    -0.087125  -165.605543
    0.216000     0.148895    -0.085297  -165.260641
    0.217000     0.149304    -0.086875  -162.428711
    0.218000     0.147411    -0.084918  -162.629300
    0.219000     0.148424    -0.089197  -162.958681
    0.220000     0.152634    -0.089032  -163.326570
    0.221000     0.166712    -0.096993  -161.192988
    0.222000     0.169065    -0.098764  -161.712622
    0.223000     0.172316    -0.103162  -160.232978
    0.224000     0.177057    -0.101910  -160.413300
    0.225000     0.173367    -0.100751  -159.357663
    0.226000     0.174091    -0.102490  -158.352308
    0.227000     0.186410    -0.106897  -156.503735
    0.228000     0.187457    -0.111344  -155.786613
    0.229000     0.194886    -0.114120  -155.536797
    0.230000     0.200823    -0.116874  -153.516108
    0.231000     0.204976    -0.119673  -152.188936
    0.232000     0.212343    -0.121934  -151.419053
    0.233000     0.207746    -0.122180  -148.647005
    0.234000     0.203511    -0.119480  -147.430956
    0.235000     0.203375    -0.120999  -146.681452
    0.236000     0.209434    -0.121733  -143.571596
    0.237000     0.207661    -0.121322  -142.516236
    0.238000     0.212827    -0.124767  -141.952048
    0.239000     0.217773    -0.127678  -140.748010
    0.240000     0.221478    -0.129902  -139.759905
    0.241000     0.227542    -0.133344  -137.847570
    0.242000     0.222961    -0.128074  -135.742416
    0.243000     0.219835    -0.128429  -134.297375
    0.244000     0.219599    -0.128832  -133.361228
    0.245000     0.225269    -0.131554  -131.726117
    0.246000     0.230800    -0.134394  -129.538168
    0.247000     0.232630    -0.133095  -128.752700
    0.248000     0.241610    -0.139341  -127.076418
    0.249000     0.242360    -0.141830  -126.022019
    0.250000     0.232813    -0.135849  -124.795669
    0.251000     0.240492    -0.139988  -122.256591
    0.252000     0.239583    -0.139750  -121.216054
    0.253000     0.244291    -0.141409  -119.207854
    0.254000     0.247323    -0.146272  -118.407116
    0.255000     0.254849    -0.146825  -116.758693
    0.256000     0.254926    -0.149714  -115.376662
    0.257000     0.262189    -0.152702  -113.680462
    0.258000     0.256837    -0.150443  -112.328051
    0.259000     0.257631    -0.151301  -110.972911
    0.260000     0.263963    -0.154138  -108.546514
    0.261000     0.266824    -0.156787  -107.383940
    0.262000     0.270576    -0.155255  -105.805142
    0.263000     0.273060    -0.158062  -104.938774
    0.264000     0.278415    -0.161454  -103.582466
    0.265000     0.293929    -0.171171  -101.024541
    0.266000     0.285213    -0.166243   -99.470429
    0.267000     0.287172    -0.167058   -98.103925
    0.268000     0.291496    -0.170136   -96.757191
    0.269000     0.289635    -0.167425   -95.218782
    0.270000     0.300683    -0.174794   -92.678825
    0.271000     0.306527    -0.179916   -92.428157
    0.272000     0.314572    -0.182924   -89.604909
    0.273000     0.316555    -0.183545   -88.830694
    0.274000     0.313913    -0.182485   -86.788143
    0.275000     0.317194    -0.183230   -85.139247
    0.276000     0.321488    -0.185754   -82.886413
    0.277000     0.331537    -0.191824   -81.566899
    0.278000     0.341966    -0.199920   -79.815324
    0.279000     0.350607    -0.202142   -77.064871
    0.280000     0.354728    -0.206785   -75.592225
    0.281000     0.350291    -0.203074   -74.069381
    0.282000     0.360903    -0.209922   -71.644728
    0.283000     0.373315    -0.214837   -68.656507
    0.284000     0.384047    -0.223446   -66.969440
    0.285000     0.393297    -0.232334   -63.834234
    0.286000     0.408353    -0.240716   -60.759313
    0.287000     0.413919    -0.249085   -58.299050
    0.288000     0.430836    -0.255287   -53.892477
    0.289000     0.464891    -0.278071   -48.925523
    0.290000     0.472767    -0.277942   -45.150695
    0.291000     0.489096    -0.283149   -43.363644
    0.292000     0.491628    -0.287181   -40.928221
    0.293000     0.489029    -0.286616   -38.353661
    0.294000     0.486553    -0.282389   -36.069607
    0.295000     0.490322    -0.285277   -34.642677
    0.296000     0.490709    -0.283969   -31.467527
    0.297000     0.492311    -0.285084   -30.693861
    0.298000     0.487565    -0.281816   -28.831075
    0.299000     0.477068    -0.277774   -25.566538
    0.300000     0.474179    -0.275190   -24.808351
    0.301000     0.468392    -0.271733   -22.505639
    0.302000     0.463688    -0.269503   -19.743263
    0.303000     0.457620    -0.266484   -18.009385
    0.304000     0.450596    -0.261863   -17.006254
    0.305000     0.436838    -0.254869   -13.243894
    0.306000     0.434750    -0.252937   -12.551323
    0.307000     0.421893    -0.244480    -8.725599
    0.308000     0.410838    -0.237514    -7.814978
    0.309000     0.392343    -0.226902    -6.142959
    0.310000     0.374264    -0.216824    -4.738904
    0.311000     0.356044    -0.206242    -3.391356
    0.312000     0.335690    -0.194382    -1.892697
    0.313000     0.329247    -0.190207    -1.670510
    0.314000     0.313577    -0.181125    -0.981734
    0.315000     0.290729    -0.168490    -0.083393
    0.316000     0.283783    -0.164230     0.117860
    0.317000     0.276323    -0.159805     0.240424
    0.318000     0.259107    -0.149168     0.613708
    0.319000     0.247372    -0.143230     0.764309
    0.320000     0.239248    -0.138429     0.943088
    0.321000     0.230985    -0.133470     0.959276
    0.322000     0.216678    -0.125358     1.006212
    0.323000     0.209578    -0.121236     1.077775
    0.324000     0.200950    -0.116228     1.092070
    0.325000     0.190371    -0.109342     1.055777
    0.326000     0.183150    -0.105982     1.030379
    0.327000     0.176133    -0.101857     1.010709
    0.328000     0.166017    -0.095677     0.946354
    0.329000     0.159343    -0.092326     0.902141
    0.330000     0.151227    -0.087651     0.848396
    0.331000     0.142520    -0.082445     0.767385
    0.332000     0.136701    -0.079177     0.721732
    0.333000     0.127830    -0.073797     0.634345
    0.334000     0.121542    -0.070415     0.580749
    0.335000     0.114151    -0.065636     0.506571
    0.336000     0.106885    -0.061818     0.441903
    0.337000     0.099550    -0.057277     0.369327
    0.338000     0.093128    -0.053767     0.316902
    0.339000     0.085462    -0.049354     0.247396
    0.340000     0.079025    -0.045602     0.197354
    0.341000     0.071827    -0.041570     0.145423
    0.342000     0.064603    -0.037386     0.096797
    0.343000     0.057278    -0.033177     0.052799
    0.344000     0.050087    -0.028964     0.017869
    0.345000     0.043220    -0.024924    -0.008672
    0.346000     0.035984    -0.020801    -0.028161
    0.347000     0.027865    -0.016138    -0.040980
    0.348000     0.020833    -0.012011    -0.042843
    0.349000     0.012587    -0.007259    -0.034749
    0.350000     0.005034    -0.002902    -0.017139
    0.351000     0.000000    -0.000000    -0.000000
    0.352000     0.000000    -0.000000    -0.000000
    0.353000     0.000000    -0.000000    -0.000000
    0.354000     0.000000    -0.000000    -0.000000
    0.355000     0.000000    -0.000000    -0.000000
    0.356000     0.000000    -0.000000    -0.000000
    0.357000     0.000000    -0.000000    -0.000000
    0.358000     0.000000    -0.000000    -0.000000
    0.359000     0.000000    -0.000000    -0.000000
    0.360000    -0.000019     0.000009     0.000898
    0.361000    -0.000085     0.000042     0.004111
    0.362000    -0.000151     0.000074     0.007522
    0.363000    -0.000205     0.000100     0.010833
    0.364000    -0.000258     0.000126     0.013657
    0.365000    -0.000336     0.000164     0.017916
    0.366000    -0.000396     0.000183     0.022067
    0.367000    -0.000456     0.000222     0.025283
    0.368000    -0.000521     0.000251     0.030516
    0.369000    -0.000552     0.000266     0.032820
    0.370000    -0.000594     0.000282     0.038008
    0.371000    -0.000719     0.000348     0.042932
    0.372000    -0.000755     0.000344     0.047643
    0.373000    -0.000803     0.000374     0.052912
    0.374000    -0.000877     0.000420     0.056977
    0.375000    -0.000898     0.000422     0.063509
    0.376000    -0.000990     0.000459     0.068271
    0.377000    -0.000576     0.000191    -1.577266
    0.378000    -0.000479     0.000107    -4.112544
    0.379000     0.000028    -0.000174    -7.287356
    0.380000    -0.000634     0.000135    -8.896253
    0.381000    -0.000440     0.000087   -10.490557
    0.382000     0.000442    -0.000438   -13.327762
    0.383000     0.000646    -0.000624   -15.007665
    0.384000     0.000559    -0.000571   -17.069047
    0.385000    -0.000500     0.000067   -18.046679
    0.386000     0.001643    -0.001043   -20.462870
    0.387000     0.001572    -0.001204   -22.077932
    0.388000     0.001801    -0.001310   -22.953514
    0.389000     0.001421    -0.001065   -23.696995
    0.390000     0.002477    -0.001779   -25.425059
    0.391000     0.003135    -0.002078   -27.343815
    0.392000     0.003218    -0.002145   -27.948230
    0.393000     0.003340    -0.002257   -28.554698
    0.394000     0.003265    -0.002311   -29.647539
    0.395000     0.004322    -0.002848   -31.149928
    0.396000     0.004879    -0.003225   -32.349699
    0.397000     0.004769    -0.003064   -32.342627
    0.398000     0.004765    -0.003073   -33.500454
    0.399000     0.005510    -0.003584   -34.203814
    0.400000     0.005311    -0.003404   -34.777083
    0.401000     0.005980    -0.003857   -35.914521
    0.402000     0.006705    -0.004399   -36.231120
    0.403000     0.007304    -0.004652   -36.537041
    0.404000     0.006749    -0.004339   -37.388761
    0.405000     0.006909    -0.004399   -37.988144
    0.406000     0.007885    -0.005063   -38.347856
    0.407000     0.008121    -0.005155   -38.954090
    0.408000     0.008840    -0.005508   -39.129187
    0.409000     0.008366    -0.005241   -39.749536
    0.410000     0.008941    -0.005721   -40.186745
    0.411000     0.009491    -0.006038   -40.636088
    0.412000     0.009545    -0.006534   -40.835634
    0.413000     0.010316    -0.006402   -41.120485
    0.414000     0.010454    -0.006887   -41.576297
    0.415000     0.010432    -0.006564   -41.783279
    0.416000     0.011124    -0.006948   -42.032352
    0.417000     0.011438    -0.007129   -42.338486
    0.418000     0.011447    -0.007092   -42.566038
    0.419000     0.011891    -0.007606   -42.733850
    0.420000     0.012406    -0.007795   -43.030186
    0.421000     0.012606    -0.007844   -43.106751
    0.422000     0.012980    -0.008016   -43.369024
    0.423000     0.012680    -0.007944   -43.472413
    0.424000     0.013325    -0.008564   -43.671471
    0.425000     0.013794    -0.008706   -43.779617
    0.426000     0.014182    -0.008843   -43.878923
    0.427000     0.014230    -0.008877   -43.965063
    0.428000     0.014000    -0.008634   -44.072388
    0.429000     0.014740    -0.009307   -44.186031
    0.430000     0.015612    -0.009797   -44.235822
    0.431000     0.015880    -0.009870   -44.330575
    0.432000     0.015793    -0.009821   -44.361690
    0.433000     0.016130    -0.010002   -44.407092
    0.434000     0.016118    -0.010134   -44.452970
    0.435000     0.016608    -0.010290   -44.489816
    0.436000     0.017520    -0.010729   -44.496598
    0.437000     0.017520    -0.010812   -44.526048
    0.438000     0.016935    -0.010626   -44.522993
    0.439000     0.017587    -0.011204   -44.511937
    0.440000     0.017711    -0.010901   -44.509114
    0.441000     0.018272    -0.011180   -44.490199
    0.442000     0.019199    -0.011723   -44.476933
    0.443000     0.018482    -0.011318   -44.448917
    0.444000     0.018884    -0.011955   -44.416895
    0.445000     0.019493    -0.012149   -44.353002
    0.446000     0.019943    -0.012156   -44.308995
    0.447000     0.019842    -0.012245   -44.271783
    0.448000     0.020649    -0.012607   -44.207722
    0.449000     0.020790    -0.012896   -44.147625
    0.450000     0.020995    -0.012763   -44.087278
    0.451000     0.020907    -0.012865   -44.001477
    0.452000     0.021106    -0.012840   -43.940100
    0.453000     0.020993    -0.012987   -43.863218
    0.454000     0.022452    -0.013775   -43.756069
    0.455000     0.022244    -0.013382   -43.679303
    0.456000     0.022203    -0.013400   -43.590215
    0.457000     0.022183    -0.013466   -43.493283
    0.458000     0.022213    -0.013478   -43.398593
    0.459000     0.023072    -0.013981   -43.302784
    0.460000     0.023859    -0.014543   -43.167484
    0.461000     0.023612    -0.014425   -43.055623
    0.462000     0.023762    -0.014512   -42.953677
    0.463000     0.024469    -0.014920   -42.825603
    0.464000     0.024132    -0.014568   -42.720712
    0.465000     0.025326    -0.015360   -42.613581
    0.466000     0.024637    -0.014996   -42.458112
    0.467000     0.025043    -0.015079   -42.309327
    0.468000     0.025463    -0.015126   -42.204157
    0.469000     0.025064    -0.015083   -42.060825
    0.470000     0.025702    -0.015453   -41.953093
    0.471000     0.026232    -0.015732   -41.800637
    0.472000     0.026829    -0.016078   -41.621710
    0.473000     0.026324    -0.015779   -41.487584
    0.474000     0.027214    -0.016286   -41.364777
    0.475000     0.026253    -0.015731   -41.251601
    0.476000     0.026709    -0.016070   -41.027402
    0.477000     0.027997    -0.016813   -40.900220
    0.478000     0.027777    -0.016399   -40.737458
    0.479000     0.028115    -0.016832   -40.598428
    0.480000     0.027140    -0.016427   -40.473752
    0.481000     0.028066    -0.016658   -40.274997
    0.482000     0.029233    -0.017092   -40.097119
    0.483000     0.028942    -0.017108   -39.930651
    0.484000     0.028518    -0.016759   -39.799011
    0.485000     0.028457    -0.017040   -39.629276
    0.486000     0.028194    -0.016903   -39.449651
    0.487000     0.029555    -0.017472   -39.273796
    0.488000     0.030082    -0.017842   -39.094918
    0.489000     0.030016    -0.018007   -38.910628
    0.490000     0.030692    -0.018285   -38.742812
    0.491000     0.029095    -0.017163   -38.545415
    0.492000     0.030152    -0.017840   -38.413123
    0.493000     0.030969    -0.018122   -38.200081
    0.494000     0.032378    -0.018698   -38.060003
    0.495000     0.030409    -0.018035   -37.844477
    0.496000     0.030517    -0.017980   -37.671630
    0.497000     0.030336    -0.017611   -37.490534
    0.498000     0.031791    -0.019160   -37.289385
    0.499000     0.032595    -0.019315   -37.106262
    0.500000     0.031836    -0.018388   -36.916749
